0.210176
0.158272
0.105600
0.054206
0.037586
0.102531
0.165942
0.165687
4890.854661
4890.854661
1346.567160
1346.567160
0.105374
0.061819
0.038286
0.066737
0.105023
0.171409
0.242712
0.208641
3373.407397
3373.407397
1192.893745
1192.893745
0.107226
0.122440
0.136483
0.217817
0.176565
0.106202
0.065535
0.067730
7771.788243
7771.788243
4831.684583
4831.684583
0.096720
0.152381
0.177354
0.212698
0.126138
0.089735
0.062011
0.082963
7734.802253
7734.802253
4748.654622
4748.654622
0.232358
0.176936
0.140448
0.049225
0.072289
0.120826
0.078485
0.129432
8076.992526
8076.992526
4069.794872
4069.794872
0.130215
0.084327
0.048570
0.064362
0.118594
0.191895
0.193981
0.168057
4102.782474
4102.782474
2337.285714
2337.285714
0.161464
0.143882
0.134912
0.162899
0.137783
0.100466
0.064586
0.094008
5051.790734
5051.790734
1946.073725
1946.073725
0.075857
0.102823
0.149194
0.305444
0.176159
0.073337
0.048891
0.068296
4127.733500
4127.733500
1998.324606
1998.324606
